index,0,1,2
26457,0.001232946321560169,2.1850894582019897e-05,0.9987452027838579
26458,0.02167486701626711,0.5140219815984635,0.46430315138526945
26459,1.8738927556697183e-05,0.0028281699232790844,0.9971530911491642
26460,0.0007771319743609778,0.21068242273830223,0.7885404452873367
26461,0.005007831002385402,0.005793463843696844,0.9891987051539178
26462,2.3539362851516585e-06,0.0002063721943623269,0.9997912738693526
26463,0.9657935971642813,0.03419893434871835,7.468487000314087e-06
26464,0.0014194105072333088,2.5605114825868536e-05,0.9985549843779409
26465,8.58067089434499e-07,0.00021745827941856868,0.999781683653492
26466,0.0005647660820971128,0.4196441867008152,0.5797910472170877
26467,1.450719905438891e-07,0.0014522501545541084,0.9985476047734554
26468,3.182479927331912e-06,0.0002459282498297196,0.999750889270243
26469,0.9998380120785758,2.0418730351292817e-05,0.00014156919107272104
26470,0.08362426896098558,0.00831929808475878,0.9080564329542558
26471,2.0376629862882442e-07,0.0036153166918407175,0.9963844795418607
26472,0.8252506795559997,0.016431260637421827,0.15831805980657843
26473,0.0020405954886159863,0.00011671009662677567,0.9978426944147574
26474,0.015069192717327444,0.9849236790109287,7.128271743818123e-06
26475,0.02618457870553945,0.04559072268183829,0.9282246986126222
26476,4.0673365974112155e-06,0.0007769964266702534,0.9992189362367323
26477,0.06647267165768517,0.02160911137832755,0.9119182169639873
26478,2.1437404964976593e-05,0.0010341868375729065,0.9989443757574622
26479,1.960813886314229e-07,0.00033273190543059005,0.9996670720131808
26480,0.00023068802611586207,0.0034304592761427465,0.9963388526977415
26481,0.0002917599610340073,0.06763197556321275,0.9320762644757532
26482,0.0003529053672415362,0.00036992423719743757,0.999277170395561
26483,0.0019314364621518983,0.04253835166029815,0.9555302118775499
26484,0.0009367741216312202,0.41710697904876026,0.5819562468296084
26485,0.0005645169550065738,3.4831410180408936e-06,0.9994319999039755
26486,0.0012173080966509885,0.010795931649914227,0.9879867602534347
26487,7.4584601410729126e-06,0.02200948285419241,0.9779830586856666
26488,3.584025735553175e-07,0.9999548093050972,4.483229232933522e-05
26489,0.0008851546815447473,0.4260276641546776,0.5730871811637778
26490,7.96170937709406e-06,0.9784467565174063,0.021545281773216577
26491,0.0002836090553551298,0.0004939361478519931,0.9992224547967928
26492,8.873691888857896e-06,0.00292276279063145,0.9970683635174797
26493,0.9994740253798023,0.0005254393781196968,5.352420781815816e-07
26494,0.00025406683894038017,0.00035560669682528395,0.9993903264642343
26495,1.8154478376057448e-05,0.00033029940511824086,0.9996515461165056
26496,0.0007473875831724494,0.0009396236273790448,0.9983129887894484
26497,0.05915942009225794,0.9181962376393846,0.022644342268357365
26498,0.5093520067662262,0.4476987433935916,0.04294924984018217
26499,0.0003550138597565027,0.5033803133942074,0.4962646727460361
26500,0.00012866443531404857,0.0029553600815474413,0.9969159754831386
26501,0.5745663816193448,0.023333764085553904,0.40209985429510126
26502,3.228316760156228e-06,6.301101886940059e-05,0.9999337606643703
26503,0.19725319686783155,0.27466647795964166,0.5280803251725267
26504,6.33974626147788e-07,0.6228400677311688,0.3771592982942051
26505,7.993011348294955e-05,0.0005506447103952871,0.9993694251761218
26506,9.666776118540655e-08,0.9999998221851712,8.114706757894088e-08
26507,6.553070702035771e-05,0.9999309597601194,3.509532860392616e-06
26508,0.3925273707090939,0.08582024557854209,0.5216523837123641
26509,0.0015576368407303782,0.0006486662591123065,0.9977936969001574
26510,3.9768743666326615e-05,0.0018986388912053042,0.9980615923651283
26511,2.600103859103471e-05,6.427742001605443e-05,0.9999097215413928
26512,2.4981941012279453e-08,0.016466776168408748,0.9835331988496502
26513,7.233877782710207e-07,0.0002903445867829877,0.9997089320254386
26514,0.00030849848537015085,0.0020767415625453276,0.9976147599520845
26515,0.0006773568629059214,0.000112737740207294,0.9992099053968869
26516,1.8813988577860524e-05,0.012276239102683491,0.9877049469087387
26517,5.3014116381377806e-05,0.9999469856408028,2.428157708580533e-10
26518,0.00042173252010610203,0.9393375404927763,0.06024072698711745
26519,0.9997334335488905,1.7882944339228515e-05,0.0002486835067701476
26520,4.6731440741329e-05,0.9592829874481662,0.04067028111109241
26521,3.5198408822525594e-05,0.00017437203248267538,0.9997904295586949
26522,0.0008930432660099009,0.005406005790638127,0.993700950943352
26523,0.011270745545159094,0.024105129072492338,0.9646241253823485
26524,0.0049881541563365755,0.1323658664524241,0.8626459793912392
26525,0.5916189840516802,0.00036086115732620596,0.4080201547909935
26526,8.37585000803466e-05,0.004716309757033177,0.9951999317428863
26527,0.00020170306957949458,0.9269128245486636,0.07288547238175679
26528,0.0006667272105418059,0.9993332508517794,2.193767886828232e-08
26529,0.0006506565924941357,0.00027131242210545444,0.9990780309854005
26530,0.00025015410837685034,0.0026794771099658606,0.9970703687816573
26531,2.56638281780105e-05,0.0005632468610084269,0.9994110893108135
26532,0.9949329838415558,1.594933808012492e-05,0.00505106682036416
26533,4.919851986129148e-06,1.5680909988101255e-05,0.9999793992380258
26534,1.457406515569005e-05,2.168964572665482e-06,0.9999832569702716
26535,0.00013249043648155237,0.026834927973859973,0.9730325815896586
26536,0.2908394182557258,0.023386785051179908,0.6857737966930944
26537,4.572324612677444e-05,0.00026417999657024367,0.999690096757303
26538,0.0007739594284788296,0.1703131171197135,0.8289129234518077
26539,0.00010406044282074416,0.0013405220683240552,0.9985554174888551
26540,1.920719422893115e-06,0.9998209689336474,0.00017711034692986688
26541,7.953731515520431e-05,0.0005015766761145991,0.9994188860087302
26542,4.354601126431127e-10,0.0007888068089669471,0.9992111927555728
26543,0.00014426925327989202,0.00023303391331491187,0.9996226968334052
26544,0.006489428227230015,0.0021267512452158694,0.9913838205275541
26545,0.0006324208899990373,0.0019026021978398738,0.9974649769121611
26546,8.93780205168607e-09,1.8124891325301545e-05,0.9999818661708727
26547,0.0014817076249138892,2.7842304568119496e-05,0.9984904500705181
26548,0.005254784774575796,1.8813579650931208e-05,0.9947264016457733
26549,0.0007541960233063888,0.9992457851913426,1.87853510255773e-08
26550,0.00021823315047013507,0.4983662790537289,0.501415487795801
26551,0.00010598120612302815,0.9945625203873248,0.005331498406552081
26552,3.3404232434874085e-06,0.0011945676781025894,0.9988020918986539
26553,1.3229964897540594e-06,0.000404085797986268,0.9995945912055241
26554,0.03704187247987117,0.877663401076472,0.08529472644365682
26555,4.630546693352236e-05,0.0005462425377873828,0.999407451995279
26556,5.015336276522088e-06,0.0016201869627339228,0.9983747977009895
26557,0.002081246347619848,5.376788334715715e-07,0.9979182159735467
26558,0.9261184678330616,0.00042656902863406654,0.07345496313830449
26559,0.026055598678897535,0.015679888582018568,0.9582645127390839
26560,0.00024674060149986826,0.1706825999486432,0.829070659449857
26561,0.000201397062628054,0.0009044825851047343,0.9988941203522672
26562,0.0006487649890360939,6.354268266964428e-05,0.9992876923282942
26563,0.05113462159216194,0.004315935331415647,0.9445494430764223
26564,1.766457828013149e-05,5.787584071874508e-05,0.9999244595810012
26565,2.74202552226196e-05,0.9966814743462578,0.0032911053985196148
26566,0.034301043358231295,0.46168043185797125,0.5040185247837975
26567,2.24323464055035e-05,4.9500061596624154e-05,0.9999280675919978
26568,0.005112223339957685,0.9948877030882922,7.357175005174326e-08
26569,2.1157125306337305e-05,0.03445857301634012,0.9655202698583536
26570,0.8955645851284884,0.09055383415916238,0.01388158071234929
26571,6.4574495007799e-07,1.02241778396941e-06,0.9999983318372659
26572,0.3251891002276225,0.047868007971956276,0.6269428918004212
26573,0.0016039550276967564,0.0010326107520938848,0.9973634342202095
26574,0.13206423041705875,0.001673187028348103,0.8662625825545931
26575,0.00023230600589957808,0.012754895003351639,0.9870127989907487
26576,4.466910596835099e-05,1.006907727040681e-05,0.9999452618167614
26577,0.006666155026666916,0.0005380858087504993,0.9927957591645825
26578,0.001811993171231367,0.14057592900562288,0.8576120778231456
26579,2.0186621097636776e-06,0.9999979804446307,8.932594572444712e-10
26580,9.502554250650099e-06,2.9048895162801837e-06,0.999987592556233
26581,0.35284344900202735,0.0037287372583146416,0.643427813739658
26582,0.00015537046814374913,1.3457620020128174e-05,0.9998311719118361
26583,0.0025170947192975,0.00025182225385375645,0.9972310830268488
26584,0.00016372966234811222,0.0012476495144028623,0.9985886208232492
26585,2.655256851579863e-05,0.9681049404891217,0.03186850694236261
26586,0.003609476294697066,0.9933590107766951,0.0030315129286078205
26587,1.2728459640234008e-06,0.9995813636609003,0.00041736349313551145
26588,1.3200905731041764e-05,1.0890551404885284e-05,0.999975908542864
26589,0.0028044351807736097,0.001960084072520047,0.9952354807467064
26590,0.0003509178049759133,0.9303996746772007,0.06924940751782328
26591,3.1717639286541804e-07,0.9999996795603611,3.263246277986583e-09
26592,0.010193526950815972,0.0051719333955547965,0.9846345396536291
26593,0.995775786940336,0.004188781509045138,3.543155061881323e-05
26594,0.00010357438004155515,0.07573717706137462,0.9241592485585838
26595,1.0377162895920163e-05,0.00011985837922008387,0.999869764457884
26596,3.662433058609119e-07,0.0004864376867053921,0.9995131960699887
26597,9.06436648136734e-09,0.9999998474984594,1.4343717400483178e-07
26598,0.0035718001697906216,0.0041143587169973125,0.992313841113212
26599,6.612002711150556e-06,0.0011131839286205778,0.9988802040686682
26600,7.73392292494619e-08,3.083455507681638e-05,0.999969088105694
26601,0.053096425129677334,0.07624362959104158,0.870659945279281
26602,1.6719837558669874e-05,0.00013755614813259194,0.9998457240143087
26603,2.7691832811771808e-05,0.2673701773599784,0.7326021308072098
26604,0.00018542468384448482,0.6707479286571012,0.32906664665905433
26605,0.6385591645063796,0.0008956892940003617,0.36054514619962
26606,0.4236158117427142,0.08618886598136381,0.49019532227592205
26607,0.0023285475895678674,0.9976713384077622,1.1400266988629943e-07
26608,2.134271040527917e-05,0.00040694923110514195,0.9995717080584895
26609,0.004459238101302328,0.0003969629670068431,0.9951437989316908
26610,0.7957764969260352,0.2042199493418617,3.5537321029168655e-06
26611,0.020659529990438175,0.22767691027500875,0.751663559734553
26612,4.7778780026499124e-05,0.012330954037499734,0.9876212671824739
26613,0.1155488607975989,0.0022100957382611562,0.8822410434641399
26614,7.571547209585473e-05,0.00017395454629689678,0.9997503299816072
26615,1.3408633326517988e-06,1.1330221609572573e-06,0.9999975261145063
26616,0.00033793036047777546,2.0008468895926507e-05,0.9996420611706264
26617,0.0013000343520304383,0.00020567667509547249,0.9984942889728742
26618,0.07648765090397858,0.006045720622403868,0.9174666284736176
26619,0.0025893655282439847,0.17528145418756408,0.822129180284192
26620,4.834537779375933e-06,0.9999944435858622,7.218763584992483e-07
26621,1.680624705589597e-05,0.003252132059208676,0.9967310616937355
26622,3.881386215294879e-05,0.9969350380111629,0.0030261481266840654
26623,6.613826070120659e-08,0.8902773929629222,0.10972254089881704
26624,1.8908095751621062e-08,0.00037597597256055885,0.9996240051193437
26625,0.04044419586277211,0.10408279301293658,0.8554730111242914
26626,0.0005465445972645934,0.00038013388114987594,0.9990733215215856
26627,2.267386465976204e-05,0.00024661097809604255,0.9997307151572442
26628,0.0003635615688581088,3.4261319010970087e-06,0.9996330122992407
26629,1.617669527174856e-05,0.00023203445547640846,0.999751788849252
26630,0.0007803463888031351,0.007622723969676148,0.9915969296415208
26631,0.0003850882714988804,0.00030427276772070056,0.9993106389607805
26632,7.876633641541724e-05,0.012683338924065056,0.9872378947395195
26633,2.6734868974497145e-05,0.00015743114746069793,0.9998158339835649
26634,0.05108108300764601,0.0004836882526354711,0.9484352287397185
26635,7.77319493854519e-06,2.1746637620799636e-05,0.9999704801674407
26636,0.0020505851740377323,0.13624546162537393,0.8617039532005882
26637,2.492710990693646e-05,0.0007897093599835637,0.9991853635301094
26638,0.00046459862012464986,0.9939493121494295,0.005586089230445999
26639,0.019765321100143445,0.5568842950378792,0.4233503838619773
26640,8.00487225438963e-07,0.00020265690315211338,0.9997965426096224
26641,0.04341881060694508,0.5758364695241244,0.38074471986893055
26642,9.86379207161545e-08,2.912227104731773e-05,0.9999707790910319
26643,7.117939284839305e-06,0.4107024791275765,0.5892904029331387
26644,0.0025892868678115345,1.9019234239477375e-05,0.997391693897949
26645,0.0001280508384569397,0.0007336547104876472,0.9991382944510554
26646,0.9509488055447854,0.03716794343240864,0.011883251022805902
26647,0.00021853248310578412,0.015124118870327071,0.9846573486465673
26648,6.10628073204734e-05,0.9972721429021679,0.0026667942905116665
26649,0.00043385808429049865,0.0021970369684797385,0.9973691049472296
26650,0.9997748715313222,0.00022207484209889268,3.0536265789500782e-06
26651,0.0030978736901633827,0.9968621032567238,4.0023053112892454e-05
26652,0.911210292825868,4.208831565445881e-05,0.08874761885847747
26653,0.0004427273715385207,0.0023583164286019543,0.9971989561998597
26654,0.004471977168328956,0.9745081638720173,0.021019858959653814
26655,0.01150280885905956,0.6990054837393804,0.28949170740156016
26656,2.1275329783473515e-05,0.03016753310905465,0.969811191561162
26657,0.00029669679369268584,6.507105057742188e-05,0.9996382321557299
26658,0.0010109172222715899,0.010210902437374037,0.9887781803403545
26659,0.051591367011435345,0.001790199265219227,0.9466184337233453
26660,0.11049574560522989,0.6115951624686253,0.2779090919261448
26661,1.3272055997601471e-05,0.003959668749950317,0.996027059194052
26662,3.885807765461903e-07,0.00014226404970620312,0.9998573473695173
26663,0.00021392919284390766,0.9879691683587984,0.011816902448357739
26664,1.6427874408058422e-05,0.00020799669380580017,0.9997755754317862
26665,0.0029812680405836125,0.9914696551011315,0.005549076858284856
26666,2.54433011154806e-08,0.9983391276626481,0.0016608468940509209
26667,0.14456503386606917,0.00035555495770318716,0.8550794111762278
26668,0.007035979050013086,0.8373277245239065,0.15563629642608062
26669,0.02373187580215233,0.44038983617322464,0.535878288024623
26670,0.0012538500258994706,0.009305222823964366,0.9894409271501362
26671,0.01918615407480441,0.4514586779623981,0.5293551679627975
26672,0.0003366888580742297,5.229836460337466e-05,0.9996110127773223
26673,0.003963677504430792,0.16008515401989168,0.8359511684756776
26674,0.03528026901705756,0.0010889105449257794,0.9636308204380166
26675,0.0008654672539433215,0.009344365049140765,0.9897901676969159
26676,0.003741799148025366,0.0004876307458913938,0.9957705701060833
26677,7.560241582496844e-08,7.469277970255662e-07,0.9999991774697872
26678,0.03600589686503371,0.9489752399138502,0.015018863221115977
26679,0.1355941541632767,0.0016485726941735594,0.8627572731425498
26680,6.697749514703121e-05,0.0001612295442919222,0.9997717929605612
26681,4.0365307946178716e-07,1.2274651870371411e-05,0.9999873216950501
26682,3.98351605506762e-06,0.039976246886997004,0.9600197695969478
26683,9.278625241994424e-06,0.04693115247301778,0.9530595689017402
26684,1.1604751492427836e-05,0.014753303537254918,0.9852350917112527
26685,0.48373102645167054,0.009932371817251854,0.5063366017310776
26686,0.0015949854647334986,0.0009762722666283437,0.9974287422686381
26687,0.0025016244205393343,0.00010777215106762534,0.997390603428393
26688,2.3265121385517376e-06,0.9998391753522826,0.0001584981355787965
26689,0.0001436771863123698,0.9782500672189285,0.021606255594759205
26690,3.669409083580203e-05,0.0004922119876827984,0.9994710939214815
26691,4.626791377664202e-06,0.0012102997312400468,0.9987850734773823
26692,1.9396273917119924e-07,0.15698028166318662,0.8430195243740742
26693,0.0011686607919285403,1.2695437169646527e-05,0.9988186437709019
26694,0.6663507264248917,0.3336251021514294,2.417142367882182e-05
26695,0.020639365496489235,0.001832638208714943,0.9775279962947958
26696,0.0002168367861719133,7.201995797768625e-05,0.9997111432558503
26697,2.469961633695538e-05,3.084109004106138e-05,0.999944459293622
26698,2.0087688453591006e-06,8.810710329333172e-05,0.9999098841278613
26699,0.0005278056940090943,0.9642190329733986,0.03525316133259211
26700,0.0009737465719158348,0.9519757735312518,0.04705047989683231
26701,1.5414748392555404e-06,0.7660016877735295,0.23399677075163122
26702,9.490844780476033e-07,0.11157204633617936,0.8884270045793425
26703,3.625069137562776e-05,0.0010207875262707494,0.9989429617823535
26704,0.00045090303905437367,0.006719166698692247,0.9928299302622535
26705,0.00010098897875106812,5.059889361270419e-05,0.9998484121276363
26706,0.00021884915749741438,0.00011057108419658355,0.9996705797583061
26707,0.9995484379565214,3.038406729677265e-06,0.0004485236367488742
26708,0.0018416453050579549,0.005086662332701169,0.9930716923622408
26709,0.009383057300071426,0.00032768647199849584,0.99028925622793
26710,0.9855728114469069,0.009034903203741593,0.005392285349351263
26711,0.001177624556410131,0.0002160148183470755,0.9986063606252429
26712,0.00036082565569147215,0.0007313344423583184,0.9989078399019501
26713,0.8945238128805097,0.025047775665641724,0.08042841145384856
26714,1.0590378929521734e-07,7.672873167321548e-05,0.9999231653645375
26715,0.00021095778829949304,0.994395687023028,0.0053933551886724395
26716,3.087881156605639e-05,0.9990937386036175,0.0008753825848165371
26717,0.0021546392082753972,0.0004254952124569533,0.9974198655792677
26718,0.8195482209204699,0.03727601931591395,0.14317575976361635
26719,0.01201362899679647,0.12066290144072364,0.8673234695624799
26720,0.001655294482831364,0.0009461105570422048,0.9973985949601263
26721,6.120648375113467e-05,0.49888799088825625,0.5010508026279926
26722,0.9251703678126514,0.004713438027867139,0.0701161941594817
26723,0.0014073944831190697,0.003864669926216983,0.9947279355906641
26724,0.0033080062851610953,0.018609755242556973,0.9780822384722819
26725,1.525460760327757e-06,0.00224803143616712,0.9977504431030725
26726,0.01024553865400077,0.9870475821529885,0.0027068791930108115
26727,0.00010797399684900946,5.4513839458448756e-05,0.9998375121636925
26728,0.269765105518937,0.3312126702630073,0.3990222242180557
26729,0.002059379247292972,0.006393418011606329,0.9915472027411006
26730,4.251800711065236e-05,0.01069022954458666,0.9892672524483026
26731,0.0004288241443869347,0.08473179226001505,0.914839383595598
26732,3.0880397425514226e-05,0.9999688758856615,2.4371691288551337e-07
26733,8.359635248077266e-05,4.173985024894888e-05,0.9998746637972702
26734,0.004092658338559186,0.0003097777728353238,0.9955975638886055
26735,3.7985976357659736e-05,0.0005851651472293835,0.9993768488764129
26736,0.0064735194721002726,0.21105594413671727,0.7824705363911826
26737,0.003706252945424916,0.0012582433983425714,0.9950355036562325
26738,2.998174789836648e-08,1.9732128910305543e-05,0.9999802378893419
26739,0.9977974489939019,2.284937470759781e-05,0.002179701631390556
26740,0.0002831513250763976,0.0005107930789383177,0.9992060555959854
26741,0.7487819802123235,0.2511797735057791,3.824628189734619e-05
26742,0.00014368910484885362,3.080894398451029e-05,0.9998255019511667
26743,0.023181835346522517,0.0006134093416204714,0.976204755311857
26744,0.35393284187910656,0.12895970875063992,0.5171074493702534
26745,0.0005941147916036182,0.0019166201858331117,0.9974892650225632
26746,0.15170309753641428,0.2033024805843871,0.6449944218791986
26747,0.0004884516540779793,0.9645382817953739,0.03497326655054823
26748,0.001954993631335849,0.9964714966827344,0.0015735096859299145
26749,1.9753235646457407e-05,0.028053049159006284,0.9719271976053472
26750,4.9127734921349104e-05,0.0003374709248228848,0.9996134013402559
26751,0.03102854800390186,0.024967919533922713,0.9440035324621754
26752,1.5556849816636448e-07,0.9999854983754822,1.43460560194332e-05
26753,0.001018922154343057,3.362171287632043e-05,0.9989474561327807
26754,7.432317448399613e-05,3.797502845695919e-05,0.9998877017970591
26755,1.8273790676482562e-05,8.601921382425102e-06,0.999973124287941
26756,0.00024442530671959145,0.0007059461919904496,0.99904962850129
26757,0.00030421367397913466,0.013047073990698143,0.9866487123353227
26758,0.03213829374535547,0.08312487422524563,0.8847368320293989
26759,2.2482862988434504e-05,0.01932034756832432,0.9806571695686872
26760,0.002325222356327517,0.9967013796494036,0.0009733979942688284
26761,2.1545366754106996e-07,5.552739828140811e-05,0.999944257148051
26762,8.076842710014871e-05,0.0048044083435686445,0.9951148232293312
26763,0.0003891634352591656,0.00019363255882711144,0.9994172040059138
26764,0.0354880749100767,0.0042333164715316575,0.9602786086183918
26765,0.0011682482949652159,9.711842156059694e-06,0.9988220398628788
26766,1.3072803742829515e-05,0.04724293292711866,0.9527439942691386
26767,0.002242812042042996,0.007824463801207644,0.9899327241567493
26768,4.064328791792712e-07,0.9999981174297443,1.4761373765195287e-06
26769,0.0035169666953172997,0.03656279544103756,0.9599202378636452
26770,0.002050636962872019,0.00101426831255557,0.9969350947245724
26771,0.0006949785223724744,0.999291695856677,1.3325620950497163e-05
26772,0.9658656022184754,0.0036366958889246783,0.030497701892599975
26773,7.285755210617492e-06,0.27322717512389705,0.7267655391208924
26774,0.004011326766900141,0.012401982321776934,0.9835866909113229
26775,0.0015447815139284097,0.008472340903427054,0.9899828775826446
26776,4.6835792688602686e-05,3.632414716350797e-05,0.9999168400601479
26777,0.0006042123734034809,0.001885733406582552,0.9975100542200139
26778,5.896346654346359e-05,0.002937615175916403,0.9970034213575402
26779,0.0664297312554281,0.0006440988768141398,0.9329261698677578
26780,2.6352950155121003e-05,0.002909959767452906,0.997063687282392
26781,0.0014059260194763223,0.05065972533755536,0.9479343486429683
26782,0.0002604512096241568,0.001032384620429719,0.998707164169946
26783,0.6750076957768678,0.001795251892459357,0.32319705233067286
26784,0.014275163558300252,0.91262352428606,0.07310131215563978
26785,0.00026706627810735653,0.0021408189295597725,0.997592114792333
26786,0.8881075756311548,0.0004634746884219724,0.11142894968042308
26787,1.075956643061486e-08,1.5206338688128358e-05,0.9999847829017454
26788,0.0005309658134726008,0.9826888853906244,0.016780148795902988
26789,0.00036518852210383024,0.017808324158251013,0.9818264873196451
26790,0.009261931960442418,0.7550997160223953,0.23563835201716243
26791,1.0890837749649781e-06,0.006549309905052008,0.993449601011173
26792,0.002956802612716415,0.007122650986856339,0.9899205464004273
26793,0.0011707564299705921,0.0011806038669810743,0.9976486397030483
26794,0.00030687119121716315,0.0006732675414652325,0.9990198612673177
26795,0.0191947311641587,0.42440102435912486,0.5564042444767164
26796,9.477624801430061e-07,0.9999990513343644,9.031552831824186e-10
26797,0.006383022401910689,0.00269852907768324,0.990918448520406
26798,0.5377949587125677,0.3801704202563236,0.08203462103110878
26799,0.0030329040786694354,0.007295555565578454,0.9896715403557522
26800,7.793210598474582e-10,0.9999999988180504,4.026285673945771e-10
26801,0.0011965295346315229,0.9785606100846681,0.020242860380700212
26802,0.0001847151527862459,0.0021882118314361927,0.9976270730157777
26803,0.0006307803231300607,0.001198070920569909,0.9981711487563001
26804,1.8296453074265326e-05,2.6116436476553253e-05,0.9999555871104491
26805,9.411660041301764e-07,6.040032608238708e-05,0.9999386585079135
26806,1.2241278199373447e-07,0.006443576736574451,0.9935563008506436
26807,1.0195782688556391e-06,0.0059799412663312625,0.9940190391554
26808,0.00011077403634949963,0.0017852817867373078,0.9981039441769133
26809,0.0001595401793275674,0.17613219382089854,0.823708265999774
26810,4.69988003254771e-06,0.009096662505389297,0.9908986376145781
26811,5.4611875548441334e-05,0.0001277684905427412,0.9998176196339089
26812,0.0007306920404756075,2.7367936572867503e-05,0.9992419400229514
26813,0.003272404219456394,0.6224644198921663,0.37426317588837715
26814,0.10503884795609371,8.666950942909814e-05,0.8948744825344771
26815,0.28905442840103257,0.266643162113457,0.4443024094855104
26816,0.008385343595561676,0.7226304063163274,0.26898425008811094
26817,0.0015442197955691155,3.4183423909690427e-06,0.99845236186204
26818,0.0611543586751163,0.04255888314119342,0.8962867581836903
26819,0.0004817012835377157,0.07862493870742063,0.9208933600090418
26820,0.7374005521898617,0.2625702067728612,2.9241037277176246e-05
26821,0.007234889711116611,0.9927650950465453,1.5242338022986086e-08
26822,0.061755588983462346,0.01648384799448009,0.9217605630220576
26823,2.889723562293864e-05,0.0007456086933928533,0.9992254940709842
26824,0.00014932400123735063,0.1931321143057201,0.8067185616930426
26825,0.0011521011605229246,0.43328409499745413,0.565563803842023
26826,1.307018138210613e-05,0.002281793137962136,0.9977051366806557
26827,0.00677478960032868,0.9910237244827487,0.002201485916922634
26828,0.002145350750510382,0.0009765897529837812,0.9968780594965058
26829,0.00010026041991440227,0.003813245168098796,0.9960864944119868
26830,0.0005297320851954248,0.05846446013197685,0.9410058077828277
26831,0.00020735563280884582,2.4401722057379276e-05,0.9997682426451338
26832,9.24896202777302e-06,3.7348996111208542e-06,0.9999870161383612
26833,4.7790822925547586e-05,0.001291951900291975,0.9986602572767825
26834,1.0720045733086523e-05,0.017069628756722195,0.9829196511975447
26835,0.9998615537531249,1.2562607139884307e-06,0.00013718998616103607
26836,6.360249873734873e-05,0.9998008906555835,0.00013550684567904608
26837,0.009434569376689197,3.117559547803507e-05,0.9905342550278329
26838,0.00013605832356169463,0.9002620040609798,0.09960193761545859
26839,0.9990512034449686,0.00021428627235834272,0.0007345102826730668
26840,0.38699745404222885,0.0034792966895660486,0.609523249268205
26841,9.413288987120813e-06,0.0005166197369207096,0.9994739669740921
26842,6.193842680755985e-08,4.850683803649009e-05,0.9999514312235368
26843,0.006720174345758328,0.007347750206981111,0.9859320754472606
26844,5.9694964758211485e-05,0.9951850642520897,0.004755240783152147
26845,0.8039661246977959,0.0086545039891244,0.18737937131307977
26846,2.5311229462879906e-05,0.00023114212220437131,0.9997435466483326
26847,3.256076517688531e-07,0.10664024507551592,0.8933594293168323
26848,0.18510799852561574,0.03922020829366118,0.775671793180723
26849,0.022675848207362216,0.0003039794321150482,0.9770201723605227
26850,0.055884251696277955,0.12916624049179318,0.8149495078119288
26851,1.1298609415401807e-06,4.712980552977298e-06,0.9999941571585055
26852,5.936329455687694e-05,0.9967080900988718,0.0032325466065711117
26853,4.393207018702777e-06,0.010613113881126545,0.9893824929118548
26854,5.861051437259611e-08,0.9999999413874218,2.063973744197232e-12
26855,6.439423755857648e-06,0.0011533806800384878,0.9988401798962057
26856,0.0003926329763939133,0.00028553533739879533,0.9993218316862073
26857,0.02393269101821582,0.8795158576484565,0.09655145133332779
26858,0.0018301318062585359,0.9977630733936602,0.00040679480008130257
26859,0.5598019838434766,0.12093309080540096,0.3192649253511225
26860,0.016299046758081418,0.37492112484235873,0.6087798283995599
26861,0.017273487590154957,0.040945708961168205,0.9417808034486769
26862,0.0002396071221643569,0.0002530232251472527,0.9995073696526884
26863,7.482751622344084e-06,0.0018396039354219244,0.9981529133129557
26864,4.900687714754621e-05,0.25123053068062584,0.7487204624422266
26865,0.003770276333176048,0.01101235237189013,0.9852173712949339
26866,3.3348200823668763e-05,0.00039043921209636946,0.99957621258708
26867,0.0001233230595818827,2.3199435381485672e-06,0.99987435699688
26868,4.352041777287722e-05,0.014441692272227953,0.9855147873099992
26869,9.727961908515124e-06,4.616912146321361e-05,0.9999441029166284
26870,0.0006158643904348727,0.9945488230032384,0.004835312606326791
26871,0.0025016244205393343,0.00010777215106762534,0.997390603428393
26872,5.590262676083957e-07,0.0005692187123666921,0.9994302222613657
26873,0.0006666097286536192,0.04412612523725521,0.955207265034091
26874,0.9343635938750798,0.06202309359592548,0.003613312528994717
26875,5.618048729264515e-05,0.4976677454617633,0.5022760740509441
26876,2.735190977272048e-06,0.00028099902719008247,0.9997162657818327
26877,4.431459429293921e-07,9.268447440814699e-05,0.9999068723796489
26878,0.12120838336924675,0.37809012222690713,0.500701494403846
26879,1.4977379696355274e-05,0.0002960505856892664,0.9996889720346145
26880,0.9968510553342925,0.0003555820316625865,0.0027933626340447774
26881,7.07923237179985e-05,0.004387548175200153,0.9955416595010819
26882,0.0005579773721188824,2.0138037407190705e-06,0.9994400088241404
26883,4.1257223176092537e-07,1.893204427305626e-06,0.9999976942233411
26884,0.003468088692461039,0.9874120590711021,0.009119852236436887
26885,0.9990830552834021,4.0850315012957403e-08,0.0009169038662827082
26886,0.004216939901728683,0.0027350166693075654,0.9930480434289637
26887,1.2392267295109983e-06,6.31513765332339e-05,0.9999356093967373
26888,0.02324346769124319,0.00042503164215706654,0.9763315006665998
26889,0.0002100586693706501,0.0013945699437708388,0.9983953713868585
26890,0.0006544808101221768,0.007695430691655946,0.9916500884982219
26891,0.05080428220324773,0.17447729172279608,0.7747184260739562
26892,0.0011664942222799329,0.3800568854288821,0.618776620348838
26893,6.531478178178087e-09,0.006359809866521869,0.993640183602
26894,3.1299213513677863e-07,3.626337515855746e-05,0.9999634236327064
26895,0.00020318014952519368,0.9715029235305666,0.02829389631990829
26896,0.0011445735046683428,0.007163186570414214,0.9916922399249175
26897,0.00024061922186413928,1.746023466764823e-05,0.9997419205434683
26898,0.0002788586382018661,0.0008250484940008051,0.9988960928677973
26899,9.019392850095659e-05,0.04922509059661046,0.9506847154748885
26900,6.951446532429762e-05,0.03974141526979134,0.9601890702648843
26901,8.680814615431024e-06,0.0012856284112925877,0.9987056907740921
26902,1.8989597169869464e-06,8.109990025822346e-07,0.9999972900412804
26903,0.042437636784536506,0.030530534520752765,0.9270318286947108
26904,0.5772539550448136,0.42270485869270075,4.1186262485610784e-05
26905,0.02440643784674853,0.5587158714296072,0.41687769072364433
26906,5.746967911655981e-07,0.0003160689070545623,0.9996833563961544
26907,6.084922750590484e-06,3.315257609259417e-05,0.9999607625011568
26908,3.8748292521925555e-06,0.0019164965849617311,0.9980796285857861
26909,5.896947321003572e-07,0.9886589092186635,0.011340501086604187
26910,9.346553400934031e-05,0.2382724012507016,0.761634133215289
26911,0.05625031403311071,0.2625896706053192,0.68116001536157
26912,6.1529726520249965e-06,4.023665521423233e-05,0.9999536103721338
26913,0.0017044805693443316,0.0001013131331602561,0.9981942062974953
26914,1.2937854579560672e-05,0.011504606511774077,0.9884824556336465
26915,4.842882533323586e-06,6.754034777299543e-05,0.9999276167696938
26916,0.05835655157513959,0.9416433040194481,1.444054122745637e-07
26917,8.100685429263333e-05,0.0012702119085175655,0.9986487812371898
26918,9.703164726466164e-05,7.893715680573476e-05,0.9998240311959296
26919,0.9995983870017894,3.4121167614288504e-05,0.00036749183059625953
26920,2.0905897700295325e-06,5.383196010541329e-05,0.9999440774501245
26921,6.98544640786228e-07,0.9985652364761065,0.0014340649792525082
26922,0.004198526673144521,0.9910851188188982,0.004716354507957234
26923,0.0001939921305720685,0.0006373969258958211,0.9991686109435322
26924,0.0032083418500545094,5.3174305148447685e-05,0.9967384838447969
26925,0.000777506542302258,0.0014583534907134797,0.9977641399669843
26926,0.0032561441628062293,0.3905871863015269,0.6061566695356669
26927,0.387215243920054,0.07825345394284422,0.5345313021371019
26928,5.72226395246842e-07,0.9999994277385273,3.5077583144797356e-11
26929,0.00025722809366967724,0.12781470234119827,0.871928069565132
26930,2.6462088522401684e-05,0.9976683366276352,0.0023052012838423253
26931,7.03346790856545e-05,0.999929468609795,1.9671111935007374e-07
26932,0.000571765347235533,0.6441616673563085,0.35526656729645595
26933,0.9993072771039396,6.530418100274022e-05,0.0006274187150575181
26934,6.755392296378659e-06,0.22145638034129228,0.7785368642664113
26935,0.0006571010090931949,1.1156678948654703e-05,0.9993317423119581
26936,0.00013451509633728917,0.0004893911705425398,0.9993760937331202
26937,0.04566290018454629,0.008630928259731618,0.945706171555722
26938,0.9993458131009538,0.0004894971381000435,0.00016468976094612044
26939,3.403738337629121e-05,0.9999658650365579,9.758006559614183e-08
26940,0.01354428239551488,0.0016100808187615794,0.9848456367857235
26941,2.962255574567152e-06,3.039358935811627e-05,0.9999666441550674
26942,0.0007739214558043639,0.01340353832827144,0.9858225402159242
26943,1.0554427847046644e-06,0.9963873094636437,0.0036116350935715687
26944,0.007397487833076021,0.0007767808358420041,0.9918257313310819
26945,0.0332299710592561,0.11880512450828792,0.8479649044324561
26946,1.2539228801129606e-07,8.537448169967058e-05,0.9999145001260124
26947,0.0006462132476619468,0.1807860600888054,0.8185677266635326
26948,9.398311829839553e-05,0.007344266974004648,0.992561749907697
26949,0.01550610120612304,0.002662290670136546,0.9818316081237405
26950,0.00012997303843400757,9.295855750702316e-05,0.9997770684040591
26951,0.9991460048900399,0.0007531561207275548,0.00010083898923247535
26952,0.9753109752442898,0.02208037377528118,0.0026086509804290284
26953,8.886511789389704e-07,0.0008654530898146635,0.9991336582590064
26954,2.9351327516089133e-05,8.973938370364877e-05,0.9998809092887803
26955,0.006945710182439625,0.24677689500212122,0.7462773948154391
26956,0.00013268263216063863,0.8377806255183795,0.16208669184945979
26957,0.9998950967963198,4.942663634166345e-06,9.996054004600549e-05
26958,0.7273091394491376,0.05043789677650218,0.2222529637743602
26959,3.340137219641614e-05,0.00019756940938074177,0.9997690292184229
26960,0.0002584538337772107,0.00023668909758133195,0.9995048570686413
26961,0.00027534564859449617,0.00114991171388442,0.9985747426375211
26962,0.000648369978022827,0.9981340488953666,0.0012175811266105794
26963,0.0011686607919285403,1.2695437169646527e-05,0.9988186437709019
26964,0.0046337372686417405,0.33193015245027296,0.6634361102810853
26965,0.00012741660445002734,0.051911532483655695,0.9479610509118943
26966,0.0011445735046683428,0.007163186570414214,0.9916922399249175
26967,0.0019089202900909555,0.05844643286954642,0.9396446468403625
26968,0.00017182748882361428,0.9201801044585823,0.07964806805259406
26969,2.135536436935097e-05,5.7817216053899955e-05,0.9999208274195767
26970,0.00025895598294181226,9.548503410603202e-06,0.9997314955136476
26971,5.903263288686477e-05,5.9727631020703415e-05,0.9998812397360926
26972,0.00012709250908474407,0.998751890671997,0.0011210168189182948
26973,0.005393358844004598,0.05230181149116578,0.9423048296648296
26974,0.0012015512279796767,4.46437694064256e-06,0.9987939843950796
26975,0.0008858722751503742,0.0016595309514841276,0.9974545967733656
26976,1.6655722995540042e-07,0.9999998298295768,3.613193401528214e-09
26977,0.007703962910631692,0.01657115459126615,0.9757248824981021
26978,2.3538514692324646e-05,0.007903097311221022,0.9920733641740868
26979,0.7618455289202551,0.045897120543202094,0.19225735053654264
26980,0.009729522747215537,0.0006269281801186737,0.9896435490726658
26981,0.003952705315628732,0.06758072930939349,0.9284665653749777
26982,0.000380799658785224,9.857702108099694e-07,0.999618214571004
26983,0.21148233009608983,0.06022443525982352,0.7282932346440866
26984,0.0679823373508537,0.3459852537378976,0.5860324089112487
26985,0.00669468537129529,0.9152917567199932,0.07801355790871144
26986,3.475409698069048e-06,5.211474255060605e-05,0.9999444098477512
26987,0.00024266397584307792,0.9990277755584107,0.0007295604657462119
26988,1.4025701241488853e-06,0.9987475962534365,0.0012510011764393066
26989,2.648389101549541e-08,0.00028096178958269944,0.9997190117265263
26990,0.0013034816996525163,0.00019733324377238867,0.9984991850565751
26991,2.5823474423717257e-06,0.009277097590102184,0.9907203200624555
26992,0.007998123539984477,0.46482041540230445,0.527181461057711
26993,1.6302091549857927e-06,0.0011100300567534985,0.9988883397340915
26994,0.020687041621564296,4.3554879978821904e-05,0.979269403498457
26995,1.5825213225543578e-06,0.021677357831726755,0.9783210596469506
26996,5.544608628253467e-06,0.0008664016772378223,0.9991280537141339
26997,0.005174961996663316,0.9621704692097764,0.03265456879356016
26998,0.0012902458369042982,9.79832402262807e-05,0.9986117709228695
26999,0.0031710221006757047,0.6044293952389569,0.3923995826603674
27000,1.3589830047436454e-05,0.34038592121411065,0.6596004889558419
27001,2.388973887912878e-06,0.0059610296312362235,0.9940365813948758
27002,1.1665620845556906e-05,0.8483515493702719,0.15163678500888256
27003,0.006914512881626146,0.6495287444789751,0.3435567426393988
27004,7.653136868210908e-05,2.4495119539435545e-05,0.9998989735117785
27005,0.6983575465091542,0.24623327068706963,0.05540918280377635
27006,7.184464285374785e-05,0.000612927176468593,0.9993152281806778
27007,0.0005837359715926348,0.9983098698046948,0.0011063942237125714
27008,0.007669262397407439,0.0020131961083504376,0.9903175414942421
27009,1.7247310197886942e-07,6.553224209987358e-05,0.9999342952847982
27010,4.177185696262759e-06,0.0333543101449934,0.9666415126693102
27011,0.3195830207718524,0.43935245013379853,0.24106452909434903
27012,3.390284081270072e-05,1.3020469333739826e-05,0.9999530766898536
27013,0.1281334781587446,0.00503025441764677,0.8668362674236086
27014,4.925926937215443e-05,0.9969771346012929,0.0029736061293348785
27015,0.0003515608309618064,0.009110737766591357,0.9905377014024469
27016,7.36184637379622e-05,0.12760735032363466,0.8723190312126273
27017,3.2363601453668454e-05,0.010930545651976334,0.9890370907465701
27018,0.003464619428637006,0.0023273131057504576,0.9942080674656124
27019,0.0013528238541402606,0.0007906859491457571,0.9978564901967139
27020,1.0720139660383694e-06,0.9976501691534732,0.002348758832560989
27021,3.05775509284483e-07,0.9984241209948065,0.0015755732296841537
27022,2.1042264937389575e-07,0.001951606464581924,0.9980481831127688
27023,3.9296201920629086e-05,0.05555366378051271,0.9444070400175666
27024,9.941827549967334e-05,0.7544815802791353,0.2454190014453651
27025,0.00021889810781719636,8.423621559977836e-05,0.999696865676583
27026,0.24757165719171673,0.006968320614825213,0.745460022193458
27027,0.0001332323677296991,1.0247911005940963e-05,0.9998565197212644
27028,0.001599546235677563,0.015345105797105473,0.983055347967217
27029,0.006817167786810882,0.21499350724299052,0.7781893249701985
27030,0.00023294678315517945,0.03853412219742614,0.9612329310194186
27031,0.9775093206464147,0.006188712273149267,0.01630196708043601
27032,0.000992374690293591,0.0003966267579901227,0.9986109985517162
27033,0.0015401793579934546,0.021140239700808583,0.9773195809411981
27034,0.00042786908781687686,0.020015763997524225,0.979556366914659
27035,0.6217908558557553,0.005504620359674762,0.37270452378456975
27036,3.553557373057514e-06,2.427847341587945e-05,0.9999721679692111
27037,0.04317845044089556,0.03891829626845357,0.9179032532906508
27038,0.0005658313471344965,0.2383920958443786,0.7610420728084869
27039,0.0064931438441363995,0.15739020286986943,0.8361166532859942
27040,0.0034930766942469537,9.196146785659248e-05,0.9964149618378965
27041,3.0939946689734265e-07,0.06708904287098037,0.9329106477295528
27042,0.0004019522142110269,0.9995978290664612,2.187193276646251e-07
27043,0.00010154192848887531,0.001850489105238628,0.9980479689662723
27044,2.929702127755607e-07,0.00031702348787405354,0.9996826835419133
